  010110      010010
  010110      011011
  010110      012012
  010120      010010
  010120      011011
  010120      012012
  010210      010010
  010210      011011
  010210      012012
  010310      010010
  010310      011011
  010310      012012
  010320      010010
  010320      011011
  010320      012012
  020110      010010
  020110      011011
  020110      013013
  020210      010010
  020210      011011
  020210      013013
  020310      010010
  020310      011011
  020310      013013
  020410      010010
  020410      011011
  020410      013013
  020510      010010
  020510      011011
  020510      013013
  020610      010010
  020610      011011
  020610      013013
  020620      010010
  020620      011011
  020620      013013
  020710      010010
  020710      011011
  020710      013013
  020810      010010
  020810      011011
  020810      013013
  020820      010010
  020820      011011
  020820      013013
  030110      010010
  030110      011011
  030110      014014
  030210      010010
  030210      011011
  030210      014014
  030310      010010
  030310      011011
  030310      014014
  030410      010010
  030410      011011
  030410      014014
  030510      010010
  030510      011011
  030510      014014
  030610      010010
  030610      011011
  030610      014014
  030710      010010
  030710      011011
  030710      014014
  030810      010010
  030810      011011
  030810      014014
  040110      010010
  040110      011011
  040110      015015
  040210      010010
  040210      011011
  040210      015015
  040310      010010
  040310      011011
  040310      015015
  040410      010010
  040410      011011
  040410      015015
  040510      010010
  040510      011011
  040510      015015
  040610      010010
  040610      011011
  040610      015015
  050110      010010
  050110      011011
  050110      016016
  050210      010010
  050210      011011
  050210      016016
  050310      010010
  050310      011011
  050310      016016
  050410      010010
  050410      011011
  050410      016016
  050900      010010
  050900      011011
  050900      016016
  060110      010010
  060110      011011
  060110      017017
  060210      010010
  060210      011011
  060210      017017
  060310      010010
  060310      011011
  060310      017017
  070110      010010
  070110      011011
  070110      018018
  070230      010010
  070230      011011
  070230      018018
  070240      010010
  070240      011011
  070240      018018
  080110      010010
  080110      011011
  080110      019019
  090110      010010
  090110      011011
  090110      020020
  090210      010010
  090210      011011
  090210      020020
  100110      010010
  100110      011011
  100110      021021
  100210      010010
  100210      011011
  100210      021021
  100410      010010
  100410      011011
  100410      021021
  100510      010010
  100510      011011
  100510      021021
  110110      010010
  110110      011011
  110110      022022
  110210      010010
  110210      011011
  110210      022022
  110310      010010
  110310      011011
  110310      022022
  110410      010010
  110410      011011
  110410      022022
  110510      010010
  110510      011011
  110510      022022
  120110      010010
  120110      011011
  120110      023023
  120210      010010
  120210      011011
  120210      023023
  120310      010010
  120310      011011
  120310      023023
  120410      010010
  120410      011011
  120410      023023
  130110      010010
  130110      011011
  130110      024024
  130121      010010
  130121      011011
  130121      024024
  130122      010010
  130122      011011
  130122      024024
  130211      010010
  130211      011011
  130211      024024
  130212      010010
  130212      011011
  130212      024024
  130310      010010
  130310      011011
  130310      024024
  130320      010010
  130320      011011
  130320      024024
  140110      010010
  140110      011011
  140110      025025
  140210      010010
  140210      011011
  140210      025025
  140220      010010
  140220      011011
  140220      025025
  140230      010010
  140230      011011
  140230      025025
  140310      010010
  140310      011011
  140310      025025
  140320      010010
  140320      011011
  140320      025025
  140330      010010
  140330      011011
  140330      025025
  140340      010010
  140340      011011
  140340      025025
  140410      010010
  140410      011011
  140410      025025
  140420      010010
  140420      011011
  140420      025025
  150110      010010
  150110      011011
  150110      026026
  150211      010010
  150211      011011
  150211      026026
  150212      010010
  150212      011011
  150212      026026
  150310      010010
  150310      011011
  150310      026026
  160110      010010
  160110      011011
  160110      027027
  160211      010010
  160211      011011
  160211      027027
  160212      010010
  160212      011011
  160212      027027
  160310      010010
  160310      011011
  160310      027027
  160320      010010
  160320      011011
  160320      027027
  170110      010010
  170110      011011
  170110      029029
  170210      010010
  170210      011011
  170210      029029
  170310      010010
  170310      011011
  170310      029029
  170410      010010
  170410      011011
  170410      029029
  170510      010010
  170510      011011
  170510      029029
  170520      010010
  170520      011011
  170520      029029
  170530      010010
  170530      011011
  170530      029029
  180110      010010
  180110      011011
  180110      028028
  180210      010010
  180210      011011
  180210      028028
  180220      010010
  180220      011011
  180220      028028
  180310      010010
  180310      011011
  180310      028028
  180320      010010
  180320      011011
  180320      028028
  180410      010010
  180410      011011
  180410      028028
  180420      010010
  180420      011011
  180420      028028
  180510      010010
  180510      011011
  180510      028028
  180520      010010
  180520      011011
  180520      028028
  180611      010010
  180611      011011
  180611      028028
  180612      010010
  180612      011011
  180612      028028
  180620      010010
  180620      011011
  180620      028028
  180710      010010
  180710      011011
  180710      028028
  180720      010010
  180720      011011
  180720      028028
  190111      010010
  190111      030030
  190112      010010
  190112      030030
  190113      010010
  190113      030030
  190114      010010
  190114      030030
  190211      010010
  190211      030030
  190212      010010
  190212      030030
  190213      010010
  190213      030030
  190214      010010
  190214      030030
  190311      010010
  190311      030030
  190312      010010
  190312      030030
  190313      010010
  190313      030030
  190314      010010
  190314      030030
  190321      010010
  190321      030030
  190322      010010
  190322      030030
  190323      010010
  190323      030030
  190324      010010
  190324      030030
  200111      035035
  200112      010010
  200112      011011
  200112      029029
  200210      035035
  200310      035035
  200410      035035
  200511      035035
  200512      035035
  200513      035035
  200516      035035
  200521      035035
  200522      035035
  200523      035035
  200526      035035
  200531      035035
  200532      035035
  200533      035035
  200536      035035
  230130      060600
  240900      060600
  250110      060030
  250210      060030
  250220      060030
  250900      060030
  260110      060030
  260210      060030
  270000      060030
  270210      060030
  270310      077950
  270310      077960
  270410      060030
  270900      060030
  270905      060030
  280110      060600
  280120      060600
  280130      060600
  280210      060600
  280220      060600
  280230      060600
  280900      060600
  290110      060600
  290120      060600
  290210      060600
  290310      060600
  290320      060600
  290410      060600
  290420      060600
  290430      060600
  290440      060600
  300110      060600
  300210      060600
  300220      060600
  300310      060600
  300320      060600
  300330      060600
  300410      060600
  300900      060600
  310110      077950
  310110      077960
  310120      077950
  310120      077960
  310130      077950
  310130      077960
  310210      077950
  310210      077960
  310220      077950
  310220      077960
  310230      077950
  310230      077960
  310311      077950
  310311      077960
  310312      077950
  310312      077960
  310313      077950
  310313      077960
  310320      077950
  310320      077960
  310331      077950
  310331      077960
  310332      077950
  310332      077960
  310334      077950
  310334      077960
  310340      077950
  310340      077960
  310900      077950
  310900      077960
  320110      060600
  320120      060600
  320130      060600
  320130      060800
  320140      060600
  320140      060800
  320150      060600
  320150      060800
  320210      060600
  320210      060800
  320220      060600
  320231      060600
  320231      060800
  320232      060600
  320232      060800
  320310      060600
  320320      060600
  320330      060600
  320340      060600
  320350      060600
  320360      060600
  320370      060600
  320380      060600
  320410      060600
  320420      060600
  320420      060800
  320430      060600
  320430      060800
  320511      060600
  320512      060600
  320521      060600
  320522      060600
  320620      060600
  320630      060600
  320901      060600
  320902      060600
  320903      060600
  320904      060600
  320904      060800
  320905      060600
  320905      060800
  330110      060060
  330210      060060
  330310      060060
  330410      060060
  330510      060060
  330610      060060
  340110      060060
  340120      060060
  340610      077950
  340610      077960
  340904      060600
  340909      077950
  340909      077960
  360110      070070
  360110      071071
  360120      070070
  360120      071071
  360210      070070
  360210      071071
  360311      070070
  360311      071071
  360312      070070
  360312      071071
  360320      070070
  360320      071071
  360330      070070
  360330      071071
  360340      070070
  360340      071071
  360350      070070
  360350      071071
  360410      070070
  360410      071071
  360511      070070
  360511      071071
  360512      070070
  360512      071071
  360901      070070
  360901      071071
  370110      070070
  370110      072072
  370120      070070
  370120      072072
  370130      070070
  370130      072072
  370211      070070
  370211      072072
  370212      070070
  370212      072072
  370213      070070
  370213      072072
  370220      070070
  370220      072072
  370311      070070
  370311      072072
  370312      070070
  370312      072072
  370313      070070
  370313      072072
  370901      070070
  370901      072072
  380110      070070
  380110      073073
  380210      070070
  380210      073073
  380311      070070
  380311      073073
  380312      070070
  380312      073073
  380313      070070
  380313      073073
  380320      070070
  380320      073073
  380331      070070
  380331      073073
  380332      070070
  380332      073073
  380340      070070
  380340      073073
  380410      070070
  380410      073073
  380420      070070
  380420      073073
  380430      070070
  380430      073073
  380510      070070
  380510      073073
  380901      070070
  380901      073073
  380902      070070
  380902      073073
  390110      070070
  390110      074074
  390120      070070
  390120      074074
  390210      070070
  390210      074074
  390221      070070
  390221      074074
  390222      070070
  390222      074074
  390230      070070
  390230      074074
  390310      070070
  390310      074074
  390321      070070
  390321      074074
  390322      070070
  390322      074074
  390901      070070
  390901      074074
  400110      070070
  400110      076076
  400210      070070
  400210      076076
  400220      070070
  400220      076076
  400310      070070
  400310      076076
  410110      070070
  410110      075075
  410120      070070
  410120      075075
  410130      070070
  410130      075075
  410140      070070
  410140      075075
  410901      070070
  410901      075075
  420110      070070
  420110      077077
  420120      070070
  420120      077077
  430110      070070
  430110      077077
  430120      070070
  430120      077077
  430130      060600
  440110      070070
  440110      077077
  440120      070070
  440120      077077
  440130      070070
  440130      077077
  440140      070070
  440140      077077
  440150      070070
  440150      077077
  440210      070070
  440210      077077
  440900      070070
  440900      077077
  470111      077800
  470112      077800
  470114      077800
  470211      077800
  520901      077950
  520901      077990
  520904      077950
  520904      077990
  550110      077900
  550210      077900
  550310      077900
  550320      077900
  550330      077900
  550340      077900
  550410      077900
  570901      077900
  570902      077900
  570903      077900
  590110      090090
  590210      090090
  590220      090090
  590230      090090
  590900      090090
  600110      077950
  600110      077990
  600120      077950
  600120      077990
  600130      077950
  600130      077990
  600210      077990
  600210      077950
  600310      077950
  600310      077990
  600410      077990
  600410      077950
  600420      077990
  600420      077950
  600430      077950
  600430      077990
  600900      077950
  600900      077990
  610110      077950
  610110      077970
  610120      077970
  610120      077950
  610130      077950
  610130      077960
  610210      077950
  610210      077990
  610220      077990
  610220      077950
  610230      077950
  610230      077990
  610310      045045
  610310      077970
  610310      077950
  610320      077970
  610320      077950
  610901      077990
  610901      077950
  610902      077990
  610902      077950
  610903      077990
  610903      077950
  620111      077950
  620111      077955
  620112      090090
  620121      077950
  620121      077955
  620211      077950
  620211      077955
  620221      077950
  620221      077955
  620310      077950
  620310      077955
  620320      077990
  620320      077950
  620330      077950
  620330      077990
  620410      077950
  620410      077970
  620420      077950
  620420      077970
  620510      077950
  620510      077955
  620610      077950
  620610      077955
  620710      077950
  620710      077955
  620810      077950
  620810      077990
  620925      090090
  620926      090090
  620912      077950
  620912      077960
  620913      077990
  620913      077950
  620915      077950
  620915      077990
  630110      090090
  630210      090090
  630220      090090
  630900      090090
  640110      080080
  640120      080080
  640210      080080
  640220      080080
  640310      080080
  640410      080080
  640420      080080
  650110      080080
  650210      080080
  660000      090090
  660110      090090
  660210      090090
  660310      090090
  660900      090090
  680110      090090
  680140      090090
  680210      090090
  680220      090090
  680901      090090
  680902      090090
  680903      090090
  690110      060600
  690210      060600
  690220      060600
  690230      060600
  800700      001001
  800700      001002
  800710      001001
  800710      001002
  980000      001001
  980010      002004
  980020      002002
  980030      002007
  980040      002008
  980050      002005
  980060      002006
  980070      001002
  980210      002010
  980220      002011
  980230      002012
  980230      002013
  980240      002012
  980240      002014
  980250      002012
  980260      002015
  980270      002016
  980280      002017
  980290      002020
  980300      002021
  980310      002022
  980320      002023
  980330      002024